1.316274661252522793e-02
4.404127657898526671e-02
-8.805509344504805491e-02
-1.505540569196672784e-02
3.475730033428389709e-02
-5.889825764989083806e-02
6.985569224531837373e-02
9.667026929057900841e-02
-8.562422811291825475e-02
7.301953314675710405e-02
3.901187839821065872e-02
-7.406078061414289593e-02
-7.459464260634623978e-02
1.207932659319152502e-02
6.663808101832915942e-02
-7.146800072654982405e-02
-1.772220423764679642e-02
1.790488315450228241e-02
-1.119171641405438677e-01
5.135331515051239082e-02
-3.435935472554517423e-02
9.638624660457462134e-02
7.587572948615373125e-02
-3.830089865488524314e-02
6.209564399044534277e-02
